Fp1 10.753666 3.014654 3.977807
Fp2 10.851751 -2.887211 4.079808
F3 7.563629 5.127133 8.737909
F4 7.801888 -5.011981 8.887319
C3 1.153577 6.777281 11.035709
C4 1.288942 -6.659476 11.339398
P3 -5.602962 5.485103 10.135622
P4 -5.454912 -5.391332 10.283031
O1 -8.826550 2.964265 5.348232
O2 -8.780596 -2.940094 5.463738
F7 6.585429 7.023608 3.402003
F8 6.667885 -7.001070 3.559557
T7 0.776490 8.365127 3.514312
T8 0.946843 -8.506270 3.872501
P7 -4.950279 7.248934 4.179108
P8 -4.850492 -7.246967 4.456147
Fz 8.195909 0.185938 11.379121
Cz 1.372844 0.213635 14.550101
Pz -5.727598 0.157704 12.705000
TP9 -2.138786 8.218470 -0.089577
TP10 -2.143952 -8.422466 0.214946
AFz 10.520274 0.143022 8.339191
CPz -2.432113 0.200300 14.544578
POz -7.894813 0.099752 9.637985
